[nprint]
cmd = "nprint --pcap_file [input_pcap] --eth"

[timing]
net = [ 0.36487388610839844, 0.5576665999999997,]
generate_npts = [ 0.987607479095459, 1.2974847000000005,]
label = [ 1.329127550125122, 1.2331714000000003,]
learn = [ 7.9961841106414795, 15.951622100000002,]
total = [ 9.779204845428467, 17.8286753,]
