[nprint]
cmd = "nprint --pcap_file [input_pcap] --ipv4"

[timing]
net = [ 0.4137997627258301, 0.6286617999999997,]
generate_npts = [ 2.313335657119751, 2.6633542,]
label = [ 4.8494343757629395, 4.264304600000001,]
learn = [ 10.48516035079956, 18.0097276,]
total = [ 15.839327812194824, 22.9931336,]
