[nprint]
cmd = "nprint --pcap_file [input_pcap] --tcp"

[timing]
net = [ 0.16101789474487305, 0.25325620000000004,]
generate_npts = [ 0.7106163501739502, 0.8229061999999998,]
label = [ 3.2141010761260986, 2.4264407,]
learn = [ 12.833199739456177, 15.871243900000001,]
total = [ 16.304779529571533, 18.6443829,]
