[nprint]
cmd = "nprint --pcap_file [input_pcap] --eth"

[timing]
net = [ 0.08401608467102051, 0.1268997999999999,]
generate_npts = [ 0.3662257194519043, 0.4790759000000002,]
label = [ 0.9150927066802979, 0.8028573000000003,]
learn = [ 6.0655035972595215, 8.9201973,]
total = [ 7.163045644760132, 9.9458837,]
