[nprint]
cmd = "nprint --pcap_file [input_pcap] --ipv4"

[timing]
net = [ 0.1502838134765625, 0.23913509999999993,]
generate_npts = [ 0.734715461730957, 0.8537335000000001,]
label = [ 3.089545488357544, 2.3572992,]
learn = [ 9.151743173599243, 12.3805862,]
total = [ 12.486603736877441, 15.0692028,]
