[nprint]
cmd = "nprint --pcap_file [input_pcap] --eth"

[timing]
net = [ 0.16846370697021484, 0.2557649999999998,]
generate_npts = [ 0.35569286346435547, 0.4539968000000001,]
label = [ 0.8466079235076904, 0.6434939000000002,]
learn = [ 6.6062633991241455, 9.839269600000002,]
total = [ 7.719734191894531, 10.836988900000001,]
