[nprint]
cmd = "nprint --pcap_file [input_pcap] --udp"

[timing]
net = [ 0.3348667621612549, 0.5135228000000001,]
generate_npts = [ 0.8617048263549805, 1.1650800000000006,]
label = [ 0.9592218399047852, 0.9768685999999995,]
learn = [ 7.003164768218994, 12.9646361,]
total = [ 8.38378643989563, 14.538788,]
