[nprint]
cmd = "nprint --pcap_file [input_pcap] --tcp"

[timing]
net = [ 0.1763904094696045, 0.27478859999999994,]
generate_npts = [ 2.1492905616760254, 2.5059508000000004,]
label = [ 4.810220718383789, 4.286223,]
learn = [ 17.325244903564453, 25.213894500000002,]
total = [ 22.39716911315918, 29.857216700000002,]
