[nprint]
cmd = "nprint --pcap_file [input_pcap] --ipv4"

[timing]
net = [ 0.2007308006286621, 0.30553430000000015,]
generate_npts = [ 1.1093735694885254, 1.3004111999999997,]
label = [ 6.288418531417847, 5.0934436,]
learn = [ 19.172523260116577, 25.7299774,]
total = [ 25.75074577331543, 31.2077681,]
