[nprint]
cmd = "nprint --pcap_file [input_pcap] --tcp --udp"

[timing]
net = [ 0.29882192611694336, 0.4531917000000001,]
generate_npts = [ 2.49245285987854, 2.8328055,]
label = [ 5.345345735549927, 4.723300999999999,]
learn = [ 21.234992742538452, 28.7947507,]
total = [ 26.963906049728394, 34.0533111,]
