[nprint]
cmd = "nprint --pcap_file [input_pcap] --ipv4 --eth"

[timing]
net = [ 0.20806169509887695, 0.3139356000000002,]
generate_npts = [ 2.636361837387085, 2.9727715000000003,]
label = [ 5.947325229644775, 5.187804000000001,]
learn = [ 15.124521493911743, 22.784505799999998,]
total = [ 21.36898183822632, 28.3726849,]
