[nprint]
cmd = "nprint --pcap_file [input_pcap] --eth"

[timing]
net = [ 0.05015063285827637, 0.05222649999999973,]
generate_npts = [ 2.633551597595215, 2.8284547000000004,]
label = [ 24.820727825164795, 20.178714300000003,]
learn = [ 387.2657082080841, 388.7289825,]
total = [ 412.2253324985504, 409.04858740000003,]
