[nprint]
cmd = "nprint --pcap_file [input_pcap] --eth"

[timing]
net = [ 0.16600966453552246, 0.24786330000000012,]
generate_npts = [ 2.4978952407836914, 2.6887416,]
label = [ 24.415360927581787, 19.577158999999998,]
learn = [ 386.7731099128723, 388.225,]
total = [ 411.4371190071106, 408.1304553,]
